# seed: 700903427
29
0 8
33 10 59
94 10 5 37
54 37 47 27 33
74 48 47 33 62 71
83 40 66 90 78 51 12
73 3 84 10 17 29 89 1
75 16 66 33 7 80 21 66 99
42 4 8 40 28 47 12 54 12 36
82 75 79 9 83 62 56 5 68 30 7
24 30 20 42 10 50 12 55 78 41 96 25
52 24 60 69 84 45 22 14 61 45 20 97 31
83 69 43 57 15 8 80 80 64 81 8 37 5 34
16 58 54 22 64 5 59 50 10 0 13 76 80 96 5
77 75 61 55 90 86 20 59 76 90 22 44 53 28 81 13
67 37 64 70 32 86 62 53 28 8 48 57 92 83 30 16 15
3 28 79 26 48 46 48 29 75 29 93 13 82 33 60 63 29 37
3 39 80 69 25 49 65 67 20 57 82 65 70 29 8 27 44 29 55
87 45 38 65 69 59 97 19 0 72 48 56 23 68 15 93 21 80 69 82
78 31 4 97 22 5 87 49 7 24 35 11 2 15 61 18 23 55 92 90 88
54 95 93 73 10 91 98 41 54 96 27 48 96 37 22 5 3 9 8 51 86 27
49 1 94 74 81 11 92 67 56 95 74 33 90 73 71 88 90 47 31 78 12 33 97
63 94 77 30 91 52 56 91 58 4 26 50 23 57 23 14 22 5 22 43 61 18 59 26
42 2 9 3 55 1 74 98 91 92 92 3 93 1 8 49 3 45 38 94 77 0 65 77 92
28 77 3 54 65 39 47 0 97 92 89 88 43 15 65 56 53 25 65 83 39 62 83 43 64 14
44 65 9 89 70 6 33 65 64 14 83 62 51 75 80 13 26 32 84 78 96 4 20 23 23 38 14
11 25 18 88 56 6 2 0 50 0 92 57 20 75 17 24 8 25 23 82 14 94 62 53 85 10 49 87
8 88 61 58 9 19 48 38 77 25 64 25 40 95 53 16 2 75 13 72 87 73 7 36 88 9 8 87 48
39 47 98 30 5 4 51 40 30 92 57 81 24 91 23 12 43 34 93 69 14 68 79 46 51 56 93 11 75 30
4 26 88 43 46 86 62 43 57 31 45 19 2 20 25 39 84 65 41 14 73 0 54 92 81 38 28 58 50 2 83
2 89 59 48 29 94 0 94 70 12 74 61 12 32 13 26 21 59 75 12 79 27 59 32 91 22 57 7 28 63 67 78
61 27 96 83 69 75 89 15 90 20 30 56 92 83 26 16 27 96 95 65 70 76 65 16 76 26 63 68 91 19 61 72 80
32 68 2 2 21 71 51 29 1 94 20 15 77 62 42 59 59 41 98 74 55 43 77 55 97 50 80 14 6 31 68 22 90 0
59 53 35 86 47 1 15 2 60 0 8 68 58 20 20 47 5 89 65 34 85 8 83 41 50 15 25 35 92 31 43 15 60 25 17
28 75 25 70 39 57 20 32 66 82 82 55 12 21 68 73 28 82 88 76 65 54 67 8 23 78 79 25 29 77 36 49 24 70 17 62
89 94 39 34 70 23 61 24 17 27 38 52 74 85 6 17 92 28 89 22 76 15 66 10 91 20 55 84 73 9 29 96 38 59 88 25 1
41 57 44 72 82 25 57 48 53 33 72 62 65 15 48 34 43 73 52 4 19 77 92 13 17 93 50 29 4 8 82 83 56 15 97 0 26 22
5 46 92 63 90 2 60 58 21 77 57 66 30 8 69 88 49 98 31 42 57 43 18 83 85 80 39 37 76 86 67 72 40 52 24 11 79 24 13
10 54 65 75 55 91 36 39 81 6 46 82 18 81 18 32 60 5 80 68 85 29 17 58 57 89 18 94 74 84 56 81 74 38 66 3 99 9 12 16
11 80 23 81 7 27 21 58 0 78 35 53 66 28 98 37 86 16 67 86 10 63 20 39 47 54 4 62 26 67 3 0 43 78 58 67 68 21 53 36 47
69 1 82 12 46 44 7 98 62 13 75 56 66 77 87 12 25 31 19 96 29 57 63 37 61 47 81 85 89 77 59 60 6 89 81 0 1 55 57 62 91 7
7 97 35 33 17 2 64 30 28 62 27 26 13 40 21 70 42 59 5 66 38 52 20 81 4 60 62 68 89 86 98 96 92 64 83 43 78 21 86 95 19 98 80
95 67 66 96 15 36 32 39 75 69 7 3 63 16 82 78 90 94 81 4 57 87 5 95 0 1 20 56 28 5 18 90 32 40 4 25 18 17 2 69 32 77 68 29
16 37 41 99 54 4 41 52 94 40 28 73 55 70 0 82 71 86 53 56 48 41 97 58 42 82 55 37 14 61 68 67 81 63 92 46 15 32 99 71 15 14 14 51 68
97 17 18 58 65 27 82 43 13 39 23 29 39 53 85 32 73 99 84 64 77 33 56 13 8 86 16 17 50 89 24 64 59 43 15 54 68 36 48 41 72 78 5 53 56 27
31 47 49 96 29 42 89 60 27 77 7 92 20 97 29 3 39 51 79 57 59 99 69 36 58 67 6 64 60 80 64 90 61 46 14 64 65 87 9 23 1 99 42 77 10 38 80
74 46 31 14 75 15 1 77 23 72 17 71 79 63 36 73 0 77 21 39 50 13 51 81 16 24 81 79 15 51 99 62 20 4 11 42 23 30 40 71 78 66 22 80 67 30 30 53
26 6 81 40 71 8 22 11 53 22 45 29 96 98 96 49 97 76 72 13 79 56 3 5 92 48 50 56 18 23 98 21 45 4 17 14 43 28 75 65 92 82 19 96 84 16 32 27 7
92 48 42 71 62 0 49 81 38 42 92 66 79 24 56 72 46 82 12 50 5 12 97 36 47 46 24 93 21 61 82 7 71 34 10 5 4 42 8 9 37 17 70 11 36 4 59 11 90 83
58 71 44 43 81 1 95 58 94 49 40 13 30 86 25 7 68 75 21 4 30 8 43 27 48 27 14 90 39 66 27 57 12 99 93 94 85 80 57 20 49 68 33 97 29 23 25 30 48 69 66
75 83 11 93 97 98 84 48 6 46 65 17 22 67 25 31 71 83 51 12 63 90 47 81 69 89 9 53 32 66 53 50 12 86 64 83 22 46 66 79 15 92 25 52 93 86 94 26 47 61 24 42
99 3 94 52 9 91 2 52 32 47 49 10 29 84 25 98 79 2 30 59 99 7 93 64 23 93 94 39 99 36 14 62 1 98 73 73 49 59 34 10 50 30 93 58 23 53 85 88 55 57 96 38 80
25 36 49 14 85 61 94 17 84 37 40 32 74 7 76 33 13 51 19 35 47 43 44 62 33 12 66 11 27 52 83 32 79 56 39 66 96 10 18 29 49 53 68 33 52 81 58 69 92 35 43 10 50 49
99 94 43 26 81 26 81 81 80 1 57 84 46 26 12 54 76 85 62 90 6 51 87 7 15 97 22 68 58 72 24 47 5 63 41 15 7 96 50 52 49 36 71 17 46 74 49 68 79 48 88 20 73 99 99
36 22 80 29 4 28 88 32 46 70 52 33 96 37 22 18 77 75 85 88 29 3 35 49 61 12 14 87 20 87 36 24 85 72 52 5 26 73 94 94 94 63 11 8 39 20 75 58 95 66 68 77 78 45 0 10
45 86 34 87 65 19 82 39 61 32 47 32 2 93 95 75 99 24 94 57 42 98 87 36 59 53 5 62 42 20 85 36 3 2 54 39 74 65 14 59 45 7 99 32 48 25 78 18 52 92 91 22 60 65 35 78 16
4 0 51 75 44 47 65 4 87 8 37 93 86 79 56 37 97 50 6 17 3 56 3 38 83 76 73 25 40 15 28 75 84 80 7 72 1 94 55 16 54 97 99 58 52 57 50 97 36 93 86 56 68 28 78 81 95 26
23 81 38 17 84 68 89 47 56 97 76 40 29 30 30 62 22 11 60 77 18 92 43 20 56 92 56 6 24 64 37 34 24 25 53 84 96 63 42 23 84 7 67 60 47 71 88 69 13 98 58 91 91 59 28 99 23 79 56
95 96 12 43 18 31 31 19 9 47 7 8 30 64 48 27 55 42 11 84 79 82 61 98 97 45 65 43 26 33 72 38 34 42 36 85 51 77 93 6 30 34 25 98 42 91 50 0 83 69 85 73 56 47 18 24 74 45 75 77
25 84 72 3 60 55 33 86 8 39 74 77 71 12 0 29 76 75 44 31 31 64 6 15 55 21 84 12 7 30 25 70 39 57 93 52 56 89 59 39 55 26 86 44 58 45 61 56 16 50 66 54 92 31 22 11 70 68 27 95 86
56 51 13 90 71 48 71 39 79 46 64 95 65 49 26 98 29 48 28 14 45 0 27 25 43 84 37 84 55 79 67 39 76 72 42 40 7 58 97 83 54 53 63 7 43 32 13 32 92 28 84 30 76 90 96 35 91 9 40 56 68 17
37 28 64 84 18 91 82 30 99 27 24 12 87 57 63 53 72 90 55 14 29 92 78 8 27 81 76 37 8 96 85 99 30 64 50 5 9 1 58 60 71 16 96 97 38 71 98 94 59 28 93 2 23 12 84 87 46 43 48 35 39 22 35
79 96 88 94 25 2 55 67 4 15 28 2 90 76 59 4 46 42 20 63 76 73 50 31 94 95 26 65 28 66 23 69 28 1 50 46 17 26 33 87 19 73 47 98 36 26 87 96 21 57 81 92 95 35 45 4 41 16 37 22 84 16 84 41
74 19 58 84 44 40 63 44 35 99 44 33 70 24 0 20 67 92 84 64 71 66 7 30 68 43 65 92 90 98 23 29 1 40 55 7 35 49 33 99 34 32 27 54 53 25 6 34 80 87 19 83 2 86 42 92 83 98 17 29 47 39 9 94 26
2 81 67 58 76 83 64 10 55 5 89 21 97 37 99 17 26 98 85 30 82 19 49 2 91 41 3 94 41 10 96 71 67 56 17 40 2 5 63 49 30 89 3 93 33 45 86 20 49 44 59 55 82 66 74 62 89 50 26 49 88 89 90 70 37 50
16 70 91 75 11 27 68 40 91 50 81 62 9 39 80 73 80 95 83 92 55 26 80 60 64 73 33 48 82 82 10 76 96 28 93 40 89 82 17 37 33 12 52 43 50 49 55 25 57 76 69 43 95 57 7 81 59 73 67 74 54 63 72 68 94 33 23
46 1 55 84 44 58 38 59 42 14 82 2 34 76 78 47 99 56 9 52 27 62 67 87 70 63 69 85 81 69 54 43 55 7 11 3 2 92 29 65 41 13 58 21 21 27 63 38 50 76 2 86 42 41 68 85 41 61 60 52 76 77 7 17 24 91 56 97
62 37 61 23 86 31 14 21 68 6 8 65 35 28 34 5 1 89 63 28 40 19 21 81 84 86 75 42 1 76 72 42 4 21 97 64 67 63 84 88 38 15 72 57 50 35 30 65 40 73 98 36 25 94 55 39 41 41 35 22 50 7 14 66 85 82 2 89 5
62 94 47 76 36 57 89 2 83 15 82 95 21 38 78 41 90 33 92 68 69 66 48 31 16 35 57 33 86 80 9 36 84 51 31 73 48 20 54 69 26 84 16 92 46 18 62 60 59 73 79 57 46 50 1 16 38 85 7 58 52 6 73 96 33 75 74 90 67 17
64 33 69 41 54 64 23 96 67 74 1 58 36 62 96 88 64 21 3 18 96 31 89 49 68 13 84 6 57 9 90 51 70 91 92 30 59 93 36 5 2 23 3 49 55 53 52 63 17 38 33 48 96 1 68 13 87 87 47 44 1 45 44 99 36 15 19 7 0 78 49
0 54 11 83 84 76 98 85 73 74 70 33 85 35 50 73 89 74 37 84 50 52 75 57 56 63 17 13 84 46 20 79 10 76 65 54 29 75 80 80 43 68 63 59 88 89 42 28 30 40 37 43 99 96 82 78 40 74 29 19 2 41 82 85 87 7 75 71 98 92 99 51
77 30 7 86 45 50 23 5 64 65 10 2 82 87 71 49 21 95 35 89 60 21 21 95 58 76 75 21 33 99 36 52 82 93 24 88 16 46 64 53 46 2 15 96 69 63 44 24 19 47 55 95 6 58 47 65 20 98 19 11 57 92 14 2 83 20 52 59 14 5 74 15 49
27 45 28 63 90 0 39 15 0 1 76 72 80 55 88 81 58 81 54 86 99 26 30 51 33 20 32 25 71 11 72 84 43 69 71 13 22 44 96 93 14 24 42 42 99 11 87 76 15 18 78 65 4 95 95 83 32 40 11 95 1 71 99 72 19 77 80 33 45 15 21 21 4 86
79 52 40 95 99 90 14 38 71 96 23 21 73 43 58 44 39 39 21 65 32 33 58 78 61 65 49 90 57 42 91 9 88 23 25 91 10 27 71 41 8 17 8 89 32 55 42 80 73 65 24 77 27 27 21 44 96 51 25 84 37 92 74 30 12 29 79 52 66 30 45 19 94 11 63
82 57 98 61 92 61 89 11 20 24 77 39 59 26 5 81 37 4 73 50 54 5 56 87 6 86 52 96 64 85 10 65 97 6 64 11 95 15 32 80 61 76 28 93 18 35 38 8 6 98 55 42 71 29 27 47 51 63 81 41 60 53 78 8 9 6 23 59 55 35 44 56 40 62 95 26
27 95 87 36 26 47 91 23 30 93 26 49 21 47 92 28 54 6 55 9 94 78 77 90 46 32 91 72 26 23 51 59 5 73 90 8 98 23 56 52 19 97 58 7 24 88 38 0 32 87 74 81 21 36 43 3 70 59 12 98 54 29 36 99 35 79 77 92 65 7 87 70 98 20 73 42 87
2 43 66 16 41 69 10 61 71 76 90 57 84 7 52 49 34 78 71 15 87 46 52 47 54 72 44 50 8 1 31 62 27 38 73 68 36 34 13 91 19 53 65 72 59 88 20 38 86 28 11 63 50 11 24 97 33 22 59 33 27 96 57 10 45 68 97 10 72 60 95 26 1 6 25 7 7 51
20 38 91 94 82 24 31 79 80 14 59 42 31 26 30 28 23 94 55 13 0 3 56 15 70 58 87 26 69 78 38 81 7 91 91 66 40 74 83 6 15 43 8 92 63 16 40 60 79 15 82 88 75 7 29 31 20 72 32 6 94 97 82 57 64 84 69 62 34 25 91 84 59 11 16 99 63 0 35
96 31 4 33 86 93 74 39 93 31 23 77 54 47 16 12 98 69 86 37 27 16 85 60 94 72 14 3 96 57 87 57 25 1 97 72 10 64 92 54 11 81 64 32 41 53 95 19 78 72 4 60 52 45 70 81 99 8 85 6 27 18 11 79 49 0 31 83 62 96 45 18 51 4 90 20 84 55 25 93
40 95 79 41 10 89 0 77 54 56 16 12 19 96 1 85 30 39 6 66 36 94 45 10 76 62 17 9 55 27 36 0 69 53 69 48 85 86 30 79 13 72 9 66 73 51 17 58 91 96 76 66 44 85 71 83 58 34 90 99 21 97 14 49 99 94 21 9 80 29 94 84 27 68 82 66 25 86 15 96 88
18 19 74 71 86 13 17 49 7 56 87 67 98 1 84 24 22 64 1 84 85 78 0 65 88 3 50 18 54 63 13 65 57 15 31 89 5 97 84 29 71 48 64 49 70 91 52 98 64 5 51 41 23 80 62 21 12 23 54 13 90 68 42 50 5 55 95 10 29 16 95 51 57 57 19 18 52 77 86 83 90 45
20 98 82 74 48 33 85 98 12 78 31 0 3 88 78 27 48 13 2 15 64 21 25 76 74 51 60 39 75 54 75 99 70 96 47 73 92 47 13 65 54 92 12 90 35 85 75 71 38 74 29 0 25 77 86 32 35 80 79 25 48 36 95 23 55 35 57 5 75 93 9 79 51 36 38 61 43 19 30 1 7 11 78
16 39 86 6 25 25 68 65 27 8 39 50 62 98 98 90 70 53 54 38 80 91 62 44 54 95 5 30 2 33 58 60 19 53 68 68 44 33 24 13 57 46 56 92 99 80 42 58 12 49 46 10 21 3 25 27 14 51 15 35 20 23 0 0 33 53 23 96 92 26 31 12 59 77 80 81 67 71 34 46 43 60 42 38
6 90 50 15 71 43 70 73 86 41 4 89 1 41 20 46 17 52 67 89 76 30 42 65 69 37 76 5 7 95 0 39 9 20 88 11 10 62 16 9 49 44 51 80 73 34 13 66 0 99 45 53 54 53 82 80 73 30 10 28 3 55 10 71 92 94 29 67 59 25 95 61 64 75 21 8 72 40 68 60 36 88 8 67 87
65 16 58 40 32 16 99 61 31 67 12 7 90 82 88 66 40 85 46 4 42 13 58 17 30 52 76 86 78 14 24 29 71 8 72 37 17 95 69 7 1 59 96 1 6 34 74 10 91 32 0 47 38 84 21 25 9 81 98 65 93 48 67 10 0 83 96 1 56 39 43 51 87 18 33 94 30 15 76 89 82 67 95 92 49 70
62 97 78 3 66 2 37 26 93 99 30 31 75 11 22 40 60 47 11 56 66 75 36 90 99 46 88 98 75 37 65 27 12 95 34 70 96 32 63 7 57 56 17 66 37 19 5 73 76 32 21 65 26 11 90 66 66 20 94 2 37 82 66 38 12 12 28 7 28 23 14 63 56 85 31 83 54 62 79 95 41 42 11 62 63 67 7
12 38 93 60 77 79 15 2 11 62 36 50 53 22 20 6 56 78 78 34 46 39 91 28 93 76 1 3 42 40 66 72 12 30 99 73 57 6 53 27 48 97 27 26 11 83 82 64 16 62 47 7 87 98 63 2 4 52 41 38 33 12 28 76 62 43 79 15 33 95 84 8 11 17 17 90 39 93 30 27 28 88 67 86 3 20 1 15
96 14 90 68 47 49 66 3 13 44 25 68 73 56 90 82 16 71 70 66 57 61 47 47 19 73 0 86 32 78 90 6 1 53 95 49 96 94 63 77 62 2 81 9 25 70 42 8 41 59 45 40 71 31 89 45 14 85 72 45 92 98 60 83 30 30 14 12 52 43 44 30 68 80 51 62 5 18 17 42 59 96 0 10 74 64 33 31 81
31 85 85 14 58 14 59 20 48 37 71 56 67 48 11 84 83 83 38 5 74 93 32 65 87 17 9 87 70 98 15 95 60 85 19 62 92 81 81 82 21 86 32 86 44 15 23 22 54 21 31 58 68 57 75 85 7 85 97 49 71 9 81 50 27 13 59 60 86 96 37 21 85 31 39 80 25 6 7 97 38 60 83 63 30 46 33 12 1 69
58 28 17 13 27 23 37 21 64 52 22 44 96 45 29 41 42 57 22 76 90 46 87 74 99 60 74 51 33 26 40 47 92 48 69 18 43 69 97 49 67 31 62 3 53 25 49 12 87 81 87 6 44 61 72 17 90 81 63 53 8 6 33 64 94 33 0 57 88 74 80 37 52 36 89 4 88 74 64 16 75 57 92 31 53 29 21 27 14 94 44
83 28 9 67 4 33 55 96 77 18 66 73 41 47 18 70 56 73 72 34 77 98 83 73 3 89 11 23 38 41 15 51 82 80 43 39 11 25 71 99 35 58 99 33 85 0 91 3 18 29 27 68 15 56 13 98 87 49 71 22 47 24 69 87 24 24 75 4 93 41 80 84 74 15 43 51 16 58 82 63 99 35 22 30 46 17 66 31 66 96 80 1
94 43 79 99 76 57 14 51 21 27 9 66 79 49 54 4 0 15 24 89 42 51 97 3 57 48 21 45 33 71 99 69 95 90 80 85 47 45 11 63 53 97 52 23 72 41 22 12 55 24 59 23 55 85 82 96 66 82 17 82 7 4 52 5 82 44 38 20 55 83 99 9 63 84 69 82 24 42 89 49 95 56 61 88 19 14 83 48 56 11 75 91 65
41 50 14 99 34 85 88 32 44 94 89 1 79 14 2 48 88 23 14 2 6 36 20 73 61 48 80 70 14 56 72 57 26 58 75 6 88 35 21 61 70 16 86 85 68 72 5 78 55 38 61 5 1 46 31 57 30 39 7 9 77 5 21 54 41 0 61 50 70 53 3 98 20 4 40 96 9 4 34 22 4 83 51 0 70 86 41 64 26 2 78 33 70 0
87 93 68 59 39 77 3 92 69 56 78 39 76 50 55 17 53 39 90 29 79 11 33 13 74 2 56 21 88 50 78 55 60 77 94 20 6 57 84 19 73 6 32 96 42 60 18 99 53 61 93 58 5 2 34 57 34 18 56 69 66 20 57 69 89 87 87 67 45 80 85 66 6 16 19 68 13 83 86 58 68 73 25 15 18 21 76 99 97 28 42 26 84 55 6
91 67 69 28 91 25 32 38 41 84 3 86 27 54 82 70 38 1 42 15 68 90 16 60 28 15 64 3 4 40 63 6 71 52 38 48 93 66 54 63 84 79 10 14 36 36 80 55 95 36 61 90 4 44 58 14 99 60 31 50 94 69 16 97 86 70 83 39 24 47 42 75 95 16 98 13 12 36 89 97 42 81 76 63 16 77 93 30 92 20 17 19 13 69 29 75
37 23 67 98 61 28 20 47 15 33 38 21 39 69 72 0 42 16 2 72 55 20 15 52 59 75 13 79 25 61 88 36 79 97 11 63 4 22 96 43 63 35 87 93 77 0 27 4 47 9 1 91 23 2 49 59 28 45 11 33 13 64 83 87 36 82 22 40 73 29 98 35 87 22 64 70 25 64 24 56 77 40 45 71 93 26 72 4 40 98 35 49 18 94 80 6 72
32 68 33 39 60 10 35 75 62 45 51 27 46 32 25 68 57 74 5 12 33 26 43 49 86 14 3 39 52 17 54 19 29 86 48 31 39 7 30 23 27 71 56 93 17 24 75 92 20 53 44 30 11 80 84 49 62 28 64 54 6 71 14 6 7 91 11 76 80 11 81 47 90 37 13 89 90 18 1 46 81 42 24 16 43 90 58 15 88 52 15 76 27 54 5 79 21 16
65 51 4 44 4 40 29 3 63 67 29 83 57 80 65 11 17 49 97 96 67 75 49 82 20 12 80 34 78 48 6 0 71 20 74 95 67 96 29 30 73 1 77 51 69 32 30 67 0 94 58 17 69 93 10 87 64 88 96 91 66 8 24 23 76 59 15 33 17 69 63 26 23 65 86 29 46 85 17 27 59 55 10 95 8 90 57 62 30 29 60 25 69 87 18 18 72 83 74
96 47 86 5 81 13 23 25 11 4 75 98 57 45 12 48 73 10 4 55 59 34 66 91 75 27 29 95 40 95 8 84 13 93 15 72 70 68 97 70 16 34 35 50 52 75 84 44 78 69 17 81 95 68 33 22 31 71 90 61 9 45 72 44 64 87 88 17 18 19 61 84 63 38 71 75 25 79 27 47 4 31 8 65 9 37 99 64 87 50 87 43 22 63 21 44 12 65 50 22